"","ETIHX","VHCIX","CHGCY","TAK","D","EIX","AES","NRG","AMD","AVGO","TXN","CRM","CRWD","ORCL","FTNT","IBM","CSCO","AKAM","SMCI","APO","CME","CBOE","V","PYPL","FI","VRSK","ROST","ULTA","AZO","CMG","NKE","CROX","LVS","TSLA","GM","LYV"
"ETIHX",0.00428235056307691,0.000559390018582484,0.00125984284091983,0.000753614375528765,0.00087007764892714,0.00117712149257604,0.00160613042166986,0.00154760746778064,0.00213152714601207,0.00139046113037365,0.00103626789119033,0.00131571354391347,0.00204888687363231,0.00143379181246014,0.00149196218938404,0.000988031331908214,0.000886772587666562,0.00108867785278331,0.00307021875471214,0.00141314498680471,0.000676649970998571,0.000616584435933955,0.000805597403717319,0.00161191519364115,0.00161611653908708,0.00102000022641643,0.00109942870440926,0.00122897201882483,0.000866364980439923,0.00131470309935767,0.00131455189936367,0.00184771039148792,0.00151756020964096,0.00238356230695291,0.0013653323375423,0.00133649185088894
"VHCIX",0.000559390018582484,0.00161818935571138,0.000774443847863051,0.000463257795205065,0.000534849475258993,0.000723593823375069,0.000987311895997878,0.00095133697902713,0.00131028095820023,0.000854736823621874,0.000637009051449965,0.000808788387359436,0.00125948077229489,0.000881372828586659,0.000917131011332454,0.000607357331914182,0.000545112098641252,0.000669226222516145,0.00188730843955471,0.000868680922431862,0.000415946648404141,0.000379023484189919,0.000495212524054041,0.000990867880061083,0.000993450508645907,0.000627009079632809,0.000675834928483733,0.000755467101340846,0.000532567243558584,0.000808167252290498,0.000808074307439482,0.00113581464198796,0.000932866489331416,0.0014652106633159,0.000839289786594418,0.000821561117007533
"CHGCY",0.00125984284091983,0.000774443847863051,0.00820791139098748,0.0010433364868904,0.00120457330304583,0.0016296581416003,0.00222359674396747,0.0021425750237138,0.00295097879823668,0.00192501480601909,0.0014346542955915,0.00182153099945532,0.00283656801433959,0.00198500368506742,0.00206553728245043,0.00136787350698755,0.00122768650165091,0.00150721292369372,0.00425054424854736,0.00195641932250181,0.000936783621067213,0.000853626284407415,0.00111530404983679,0.00223160543363949,0.0022374219588281,0.00141213263362984,0.00152209686982152,0.00170144226310392,0.00119943332347243,0.0018201320961073,0.00181992276826578,0.00255805055111016,0.00210097629395742,0.0032999072262598,0.00189022541334852,0.00185029739047341
"TAK",0.000753614375528765,0.000463257795205065,0.0010433364868904,0.00293696156376127,0.000720553173831362,0.000974830957336551,0.00133011389770597,0.00128164822315512,0.0017652202100129,0.00115150777843251,0.0008581833114061,0.00108960570483423,0.00169678182336667,0.00118739200157075,0.00123556569016874,0.000818236295265307,0.000734379056050545,0.000901586522846783,0.00254259590600018,0.00117029337161065,0.000560366404972147,0.000510623244712766,0.000667153979641452,0.00133490454576932,0.00133838388212414,0.000844711275320458,0.000910489820466282,0.00101777087344571,0.000717478534383784,0.00108876890706961,0.00108864369107803,0.00153017789682274,0.0012567646426561,0.00197394265605775,0.00113069741575798,0.00110681322080303
"D",0.00087007764892714,0.000534849475258993,0.00120457330304583,0.000720553173831362,0.00391485732676756,0.0011254809555161,0.00153566918373779,0.00147971364263326,0.00203801665684664,0.00132946134404204,0.000990806627610871,0.00125799294799091,0.00195900182846343,0.00137089110111082,0.00142650953286655,0.000944686215084173,0.000847869710634789,0.00104091735451905,0.00293552769148307,0.00135115005550627,0.000646965211927953,0.000589534762968801,0.00077025569698234,0.0015412001766954,0.00154521720834146,0.000975252628292011,0.00105119656430062,0.00117505678961185,0.000828357388902417,0.00125702683182421,0.00125688226500184,0.00176665099570807,0.00145098456325193,0.00227899498877615,0.0013054349559885,0.00127785970680574
"EIX",0.00117712149257605,0.000723593823375069,0.0016296581416003,0.000974830957336551,0.0011254809555161,0.00716543388624257,0.00207759526278308,0.00200189343301641,0.00275721737244976,0.00179861823085628,0.00134045481778054,0.00170192917656848,0.002650318806745,0.00185466823689654,0.00192991399396636,0.00127805885932948,0.00114707654026407,0.00140824924247924,0.00397145328575866,0.00182796072510642,0.000875274358384515,0.000797577136899205,0.00104207312624919,0.00208507810146272,0.00209051271329624,0.00131941192934831,0.00142215590790791,0.00158972547307136,0.0011206784672765,0.00170062212528913,0.0017004265419249,0.00239008881505354,0.00196302607808161,0.00308323514121916,0.00176611311156989,0.00172880676481315
"AES",0.00160613042166986,0.000987311895997878,0.00222359674396747,0.00133011389770597,0.00153566918373779,0.00207759526278308,0.0133401751206838,0.00273149540127104,0.00376210164284475,0.00245413534267082,0.00182899154869705,0.00232220738747371,0.00361624325907202,0.00253061310677912,0.0026332826275496,0.00174385501207824,0.00156513540779048,0.00192149405469574,0.0054188730566277,0.00249417188346975,0.00119427330413655,0.00108825886816386,0.00142186287501273,0.00284499721688717,0.00285241250532666,0.00180027945441966,0.00194046908705208,0.00216911037688701,0.00152911640009568,0.0023204239735817,0.00232015710869711,0.00326117089914775,0.00267846260766024,0.00420693852648668,0.00240978353933094,0.00235888067261304
"NRG",0.00154760746778064,0.00095133697902713,0.0021425750237138,0.00128164822315512,0.00147971364263326,0.00200189343301641,0.00273149540127104,0.0123857282708982,0.00362502105586361,0.0023647134329932,0.00176234815123442,0.00223759256788948,0.00348447734850365,0.00243840455873013,0.00253733308589958,0.00168031375472802,0.00150810619891385,0.00185148012155297,0.00522142429795537,0.00240329115288976,0.00115075728540848,0.00104860572250283,0.00137005412128484,0.00274133338069275,0.00274847847651428,0.0017346822463242,0.00186976375616934,0.0020900739892721,0.0014733996243179,0.00223587413667109,0.00223561699560538,0.00314234284410272,0.00258086683239366,0.00405364931280975,0.00232197768679709,0.00227292957986804
"AMD",0.00213152714601207,0.00131028095820023,0.00295097879823668,0.0017652202100129,0.00203801665684664,0.00275721737244976,0.00376210164284475,0.00362502105586361,0.0234953354738607,0.0032569310887293,0.00242729051344484,0.00308184691497451,0.00479918726978671,0.0033584262276444,0.00349468095991128,0.00231430414790937,0.00207712186001779,0.00255005240124058,0.0071914925868763,0.00331006436632242,0.00158494349722729,0.00144424966247009,0.00188698207512027,0.00377565153882022,0.00378549251337062,0.00238918613067155,0.00257523453839351,0.00287866887311937,0.00202932032930894,0.00307948011146211,0.00307912594984599,0.00432796378521423,0.00355464019657277,0.00558311053064255,0.00319807094168393,0.00313051675009703
"AVGO",0.00139046113037365,0.000854736823621874,0.00192501480601909,0.00115150777843251,0.00132946134404204,0.00179861823085628,0.00245413534267082,0.0023647134329932,0.0032569310887293,0.00999810331602776,0.00158339672914053,0.00201038412907444,0.00313065839602714,0.00219080537515261,0.00227968855423904,0.00150969222585367,0.00135497087841817,0.00166347810816055,0.00469123319875614,0.00215925743616129,0.00103390769892665,0.000942128755890847,0.00123093681170115,0.00246297435919929,0.00246939393148714,0.00155854006088638,0.00167990519563931,0.00187784480379606,0.00132378846042863,0.00200884018988822,0.00200860915930434,0.00282326473217298,0.00231880182011541,0.00364203580234127,0.00208620065895411,0.00204213296890797
"TXN",0.00103626789119033,0.000637009051449965,0.0014346542955915,0.000858183311406101,0.000990806627610871,0.00134045481778054,0.00182899154869705,0.00176234815123442,0.00242729051344484,0.00158339672914053,0.00555320873251071,0.00149827742495661,0.00233318336141951,0.00163273982747564,0.00169898172560725,0.0011251271575002,0.00100981809856519,0.00123973904306235,0.00349623173763279,0.00160922811938412,0.000770539591109792,0.000702139569219334,0.000917379325596341,0.00183557899570875,0.00184036330538254,0.00116153194573399,0.00125198164584222,0.00139949994451808,0.000986578802027956,0.00149712677459344,0.00149695459460889,0.00210409232331057,0.00172813163901503,0.00271429720550167,0.00155478115154023,0.00152193885826341
"CRM",0.00131571354391347,0.000808788387359436,0.00182153099945532,0.00108960570483423,0.00125799294799091,0.00170192917656848,0.00232220738747371,0.00223759256788948,0.00308184691497451,0.00201038412907444,0.00149827742495661,0.00895205218338953,0.00296236231494832,0.00207303335648955,0.00215713840624284,0.00142853508473321,0.00128213115591664,0.00157405383660186,0.00443904466110559,0.00204318135292992,0.000978327500797276,0.000891482355859051,0.00116476483914488,0.00233057124138328,0.0023366457141037,0.0014747569867623,0.0015895978464348,0.0017768967342928,0.00125262502389712,0.001900850147953,0.00190063153697451,0.0026714933377354,0.0021941490443226,0.003446249397328,0.00197405191871098,0.00193235319346354
"CRWD",0.00204888687363231,0.00125948077229489,0.00283656801433959,0.00169678182336667,0.00195900182846343,0.002650318806745,0.00361624325907202,0.00348447734850365,0.00479918726978671,0.00313065839602714,0.00233318336141951,0.00296236231494832,0.0217088028554133,0.0032282185224603,0.00335919059707554,0.00222457752842406,0.00199659090520496,0.00245118571525187,0.00691267516373986,0.00318173167239488,0.00152349452034589,0.00138825544925343,0.001813822925843,0.00362926781944657,0.0036387272549587,0.00229655630281595,0.00247539152954759,0.00276706157775333,0.00195064266148115,0.00296008727347954,0.0029597468428696,0.00416016667001962,0.00341682518698849,0.00536665080793068,0.00307408028352834,0.00300914519853061
"ORCL",0.00143379181246014,0.000881372828586659,0.00198500368506742,0.00118739200157075,0.00137089110111082,0.00185466823689654,0.00253061310677912,0.00243840455873013,0.0033584262276444,0.00219080537515261,0.00163273982747564,0.00207303335648955,0.0032282185224603,0.0106309507593723,0.00235073006546301,0.00155673848443504,0.00139719558437123,0.00171531676764409,0.00483742522806821,0.00222654597480893,0.00106612717261803,0.00097148813941786,0.00126929626705827,0.00253972757193884,0.00254634719616618,0.00160710855548297,0.0017322557694005,0.00193636373282155,0.00136504143447845,0.00207144130381308,0.002071203073666,0.00291124560692271,0.00239106221078307,0.00375553188795745,0.0021512125428156,0.00210577157952509
"FTNT",0.00149196218938404,0.000917131011332454,0.00206553728245043,0.00123556569016874,0.00142650953286655,0.00192991399396636,0.0026332826275496,0.00253733308589958,0.00349468095991128,0.00227968855423904,0.00169898172560725,0.00215713840624284,0.00335919059707554,0.00235073006546301,0.011511066118576,0.00161989693158516,0.00145388121548795,0.00178490889535093,0.00503368443837511,0.00231687918599585,0.00110938102505397,0.00101090239102394,0.00132079289414264,0.00264276687573443,0.00264965506477925,0.00167231056711231,0.00180253512945747,0.00201492395838648,0.0014204225393713,0.0021554817623869,0.00215523386700299,0.00302935777132556,0.00248807001124686,0.0039078975965448,0.00223848940084445,0.00219120485193752
"IBM",0.000988031331908214,0.000607357331914182,0.00136787350698755,0.000818236295265307,0.000944686215084173,0.00127805885932948,0.00174385501207824,0.00168031375472802,0.00231430414790937,0.00150969222585367,0.0011251271575002,0.00142853508473321,0.00222457752842406,0.00155673848443504,0.00161989693158516,0.00504825574631987,0.000962812733456704,0.00118203123762572,0.00333348792311333,0.0015343212075334,0.000734672245434251,0.000669456131622839,0.00087467683273758,0.00175013582430853,0.0017546974322667,0.00110746455154491,0.00119370396746079,0.00133435553291084,0.000940655187801291,0.00142743799524453,0.00142727382995396,0.00200615029987121,0.00164768996465522,0.00258795115234733,0.00148240865614153,0.00145109511738859
"CSCO",0.000886772587666562,0.000545112098641252,0.00122768650165091,0.000734379056050545,0.000847869710634789,0.00114707654026407,0.00156513540779048,0.00150810619891385,0.00207712186001779,0.00135497087841817,0.00100981809856519,0.00128213115591664,0.00199659090520496,0.00139719558437123,0.00145388121548795,0.000962812733456704,0.00406653424137522,0.00106089034369757,0.00299185422169289,0.00137707575010635,0.000659379097738022,0.000600846680663342,0.000785035264864203,0.00157077252873414,0.00157486663867008,0.000993965651095058,0.00107136678964284,0.0011976036291291,0.000844251804623962,0.00128114650203639,0.00128099916128431,0.00180054926925142,0.00147882586962867,0.00232272405338548,0.00133048347510102,0.00130237911556081
"AKAM",0.00108867785278331,0.000669226222516145,0.00150721292369372,0.000901586522846783,0.00104091735451905,0.00140824924247924,0.00192149405469574,0.00185148012155297,0.00255005240124058,0.00166347810816055,0.00123973904306235,0.00157405383660186,0.00245118571525187,0.00171531676764409,0.00178490889535093,0.00118203123762572,0.00106089034369757,0.0061291279913317,0.00367305606331848,0.0016906159387388,0.000809510161093912,0.000737650761034243,0.00096377641618405,0.0019284146663725,0.00193344094579984,0.00122027722307246,0.00131530147899687,0.00147028061712708,0.00103647570374835,0.00157284499130488,0.00157266410319914,0.00221050824026628,0.00181553308568568,0.00285157465422089,0.00163341527803439,0.00159891196317821
"SMCI",0.00307021875471214,0.00188730843955471,0.00425054424854736,0.00254259590600018,0.00293552769148307,0.00397145328575866,0.0054188730566277,0.00522142429795537,0.0071914925868763,0.00469123319875614,0.00349623173763279,0.00443904466110559,0.00691267516373986,0.00483742522806821,0.00503368443837511,0.00333348792311333,0.00299185422169289,0.00367305606331848,0.0487459518366997,0.00476776555053544,0.00228292811538922,0.00208027489046918,0.00271797981446261,0.00543839011735391,0.00545256490498718,0.00344134677365466,0.0037093280244405,0.00414639015008216,0.00292300163571441,0.00443563555390933,0.00443512542499164,0.00623393214012788,0.0051200487960896,0.00804182611179965,0.0046064519527364,0.00450914793934038
"APO",0.00141314498680471,0.000868680922431862,0.00195641932250181,0.00117029337161065,0.00135115005550627,0.00182796072510642,0.00249417188346975,0.00240329115288976,0.00331006436632242,0.00215925743616129,0.00160922811938412,0.00204318135292992,0.00318173167239488,0.00222654597480893,0.00231687918599585,0.0015343212075334,0.00137707575010635,0.0016906159387388,0.00476776555053544,0.0103269805440466,0.00105077477510239,0.000957498558736366,0.00125101820290468,0.00250315509891004,0.00250967939951639,0.00158396594170456,0.0017073110162288,0.00190847979315219,0.00134538462498548,0.00204161222606022,0.00204137742646441,0.00286932321626327,0.00235663054213473,0.00370145164321047,0.00212023474678322,0.00207544814044922
"CME",0.000676649970998571,0.000415946648404141,0.000936783621067213,0.000560366404972147,0.000646965211927953,0.000875274358384515,0.00119427330413655,0.00115075728540848,0.00158494349722729,0.00103390769892665,0.000770539591109792,0.000978327500797277,0.00152349452034589,0.00106612717261803,0.00110938102505397,0.000734672245434251,0.000659379097738022,0.000809510161093912,0.00228292811538922,0.00105077477510239,0.00236770749844159,0.000458474804814683,0.000599019519312154,0.00119857469749951,0.0012016986995356,0.000758443414175474,0.000817504191292445,0.000913828948017388,0.000644204576302372,0.000977576162710394,0.000977463734657237,0.00137390535946357,0.00112841499129925,0.00177234973793747,0.00101522263696732,0.00099377766411599
"CBOE",0.000616584435933955,0.000379023484189919,0.000853626284407415,0.000510623244712766,0.000589534762968801,0.000797577136899205,0.00108825886816386,0.00104860572250283,0.00144424966247009,0.000942128755890847,0.000702139569219334,0.000891482355859051,0.00138825544925343,0.000971488139417861,0.00101090239102394,0.000669456131622839,0.000600846680663342,0.000737650761034243,0.00208027489046918,0.000957498558736366,0.000458474804814683,0.00196600686623256,0.000545845161100721,0.00109217843117887,0.0010950251187069,0.000691117157704267,0.00074493516923946,0.000832709274518849,0.000587019186181727,0.000890797713295906,0.000890695265367568,0.0012519451672204,0.00102824673129431,0.00161502004031886,0.000925102348025079,0.000905561023771942
"V",0.000805597403717319,0.000495212524054041,0.00111530404983679,0.000667153979641452,0.00077025569698234,0.00104207312624919,0.00142186287501273,0.00137005412128484,0.00188698207512027,0.00123093681170115,0.000917379325596342,0.00116476483914488,0.001813822925843,0.00126929626705827,0.00132079289414264,0.00087467683273758,0.000785035264864203,0.00096377641618405,0.00271797981446261,0.00125101820290468,0.000599019519312154,0.000545845161100721,0.00335610879004721,0.00142698397376997,0.00143070330878416,0.00090297801154794,0.000973293848016157,0.00108797496418734,0.00076696897417454,0.00116387032050445,0.00116373646732835,0.00163572694594781,0.00134345411404488,0.00211010183781492,0.00120869098587112,0.00118315930007746
"PYPL",0.00161191519364115,0.000990867880061083,0.00223160543363949,0.00133490454576932,0.0015412001766954,0.00208507810146272,0.00284499721688717,0.00274133338069275,0.00377565153882022,0.00246297435919929,0.00183557899570875,0.00233057124138328,0.00362926781944657,0.00253972757193884,0.00264276687573443,0.00175013582430853,0.00157077252873414,0.0019284146663725,0.00543839011735391,0.00250315509891004,0.00119857469749951,0.00109217843117887,0.00142698397376997,0.0134364423238669,0.00286268598977645,0.00180676348958137,0.00194745804077245,0.00217692282395952,0.00153462379200655,0.00232878140420052,0.00232851357815332,0.00327291660158664,0.00268810957979269,0.00422209058371977,0.00241846281474165,0.00236737661205509
"FI",0.00161611653908708,0.000993450508645906,0.0022374219588281,0.00133838388212414,0.00154521720834146,0.00209051271329624,0.00285241250532666,0.00274847847651428,0.00378549251337062,0.00246939393148714,0.00184036330538254,0.0023366457141037,0.0036387272549587,0.00254634719616618,0.00264965506477924,0.0017546974322667,0.00157486663867008,0.00193344094579984,0.00545256490498718,0.00250967939951639,0.0012016986995356,0.0010950251187069,0.00143070330878416,0.00286268598977645,0.0135065759189592,0.00181147269363179,0.00195253395543782,0.00218259682270874,0.00153862368276085,0.00233485121183413,0.00233458268771686,0.00328144723230047,0.002695115951459,0.00423309517075771,0.00242476637076801,0.0023735470154281
"VRSK",0.00102000022641644,0.000627009079632809,0.00141213263362984,0.000844711275320458,0.000975252628292011,0.00131941192934831,0.00180027945441966,0.0017346822463242,0.00238918613067155,0.00155854006088638,0.00116153194573399,0.0014747569867623,0.00229655630281595,0.00160710855548297,0.00167231056711231,0.00110746455154491,0.000993965651095058,0.00122027722307246,0.00344134677365466,0.00158396594170456,0.000758443414175474,0.000691117157704267,0.00090297801154794,0.00180676348958137,0.00181147269363179,0.00538022515656497,0.00123232763755847,0.00137753014680259,0.000971091172467235,0.00147362439967653,0.00147345492262844,0.00207106160909088,0.00170100287585672,0.00267168729988633,0.00153037369977505,0.00149804697532167
"ROST",0.00109942870440926,0.000675834928483733,0.00152209686982151,0.000910489820466282,0.00105119656430062,0.00142215590790791,0.00194046908705208,0.00186976375616934,0.00257523453839351,0.00167990519563931,0.00125198164584222,0.0015895978464348,0.00247539152954759,0.0017322557694005,0.00180253512945747,0.00119370396746079,0.00107136678964284,0.00131530147899687,0.0037093280244405,0.0017073110162288,0.000817504191292445,0.00074493516923946,0.000973293848016157,0.00194745804077245,0.00195253395543782,0.00123232763755847,0.00625077774958197,0.00148479985137331,0.00104671105158465,0.00158837706361527,0.00158819438921326,0.0022323373296046,0.00183346173811148,0.00287973436733482,0.00164954549070733,0.00161470145061488
"ULTA",0.00122897201882483,0.000755467101340846,0.00170144226310392,0.00101777087344571,0.00117505678961185,0.00158972547307136,0.00216911037688701,0.0020900739892721,0.00287866887311937,0.00187784480379606,0.00139949994451808,0.0017768967342928,0.00276706157775333,0.00193636373282155,0.00201492395838648,0.00133435553291084,0.0011976036291291,0.00147028061712708,0.00414639015008216,0.00190847979315219,0.000913828948017388,0.000832709274518849,0.00108797496418734,0.00217692282395952,0.00218259682270874,0.00137753014680259,0.00148479985137331,0.00781059114054543,0.0011700427586011,0.00177553210926504,0.001775327910732,0.00249536882533579,0.0020494945826757,0.00321904726055368,0.00184390788027246,0.00180495824204244
"AZO",0.000866364980439923,0.000532567243558584,0.00119943332347243,0.000717478534383784,0.000828357388902417,0.0011206784672765,0.00152911640009568,0.0014733996243179,0.00202932032930894,0.00132378846042863,0.000986578802027956,0.00125262502389712,0.00195064266148115,0.00136504143447845,0.0014204225393713,0.000940655187801291,0.000844251804623962,0.00103647570374835,0.00292300163571441,0.00134538462498548,0.000644204576302372,0.000587019186181727,0.00076696897417454,0.00153462379200655,0.00153862368276085,0.000971091172467235,0.00104671105158465,0.0011700427586011,0.00388151879071065,0.00125166303020046,0.00125151908025256,0.0017591126001548,0.00144479313347544,0.0022692703936348,0.00129986459427517,0.00127240701017528
"CMG",0.00131470309935767,0.000808167252290498,0.0018201320961073,0.00108876890706961,0.00125702683182421,0.00170062212528913,0.0023204239735817,0.00223587413667109,0.00307948011146211,0.00200884018988822,0.00149712677459344,0.001900850147953,0.00296008727347954,0.00207144130381308,0.0021554817623869,0.00142743799524453,0.00128114650203639,0.00157284499130488,0.00443563555390933,0.00204161222606022,0.000977576162710394,0.000890797713295906,0.00116387032050445,0.00232878140420052,0.00233485121183413,0.00147362439967653,0.00158837706361527,0.00177553210926504,0.00125166303020046,0.00893830743017596,0.00189917188582324,0.00266944167845785,0.00219246397695614,0.00344360273920278,0.00197253588201488,0.00193086918064537
"NKE",0.00131455189936367,0.000808074307439482,0.00181992276826578,0.00108864369107803,0.00125688226500184,0.0017004265419249,0.00232015710869711,0.00223561699560538,0.00307912594984599,0.00200860915930434,0.00149695459460889,0.00190063153697451,0.0029597468428696,0.002071203073666,0.00215523386700299,0.00142727382995396,0.00128099916128431,0.00157266410319914,0.00443512542499164,0.00204137742646441,0.000977463734657237,0.000890695265367568,0.00116373646732834,0.00232851357815332,0.00233458268771686,0.00147345492262844,0.00158819438921326,0.001775327910732,0.00125151908025256,0.00189917188582324,0.00893625161344263,0.00266913467411141,0.00219221182836052,0.0034432067009537,0.00197230902667874,0.00193064711726948
"CROX",0.00184771039148792,0.00113581464198796,0.00255805055111016,0.00153017789682274,0.00176665099570807,0.00239008881505354,0.00326117089914775,0.00314234284410272,0.00432796378521423,0.00282326473217298,0.00210409232331057,0.0026714933377354,0.00416016667001962,0.00291124560692271,0.00302935777132556,0.00200615029987121,0.00180054926925142,0.00221050824026628,0.00623393214012788,0.00286932321626327,0.00137390535946357,0.0012519451672204,0.00163572694594781,0.00327291660158664,0.00328144723230047,0.00207106160909088,0.0022323373296046,0.00249536882533579,0.0017591126001548,0.00266944167845785,0.00266913467411141,0.0176549998020079,0.00308133332549685,0.00483970910883979,0.0027722419218167,0.00271368269491817
"LVS",0.00151756020964096,0.000932866489331415,0.00210097629395742,0.0012567646426561,0.00145098456325193,0.00196302607808161,0.00267846260766024,0.00258086683239366,0.00355464019657277,0.00231880182011541,0.00172813163901503,0.0021941490443226,0.00341682518698849,0.00239106221078307,0.00248807001124686,0.00164768996465522,0.00147882586962867,0.00181553308568568,0.0051200487960896,0.00235663054213473,0.00112841499129925,0.0010282467312943,0.00134345411404488,0.00268810957979269,0.002695115951459,0.00170100287585672,0.00183346173811148,0.0020494945826757,0.00144479313347544,0.00219246397695614,0.00219221182836052,0.00308133332549685,0.0119094519394679,0.00397494650874251,0.00227689580111078,0.00222879997772962
"TSLA",0.00238356230695291,0.0014652106633159,0.0032999072262598,0.00197394265605775,0.00227899498877615,0.00308323514121916,0.00420693852648668,0.00405364931280975,0.00558311053064255,0.00364203580234127,0.00271429720550167,0.003446249397328,0.00536665080793068,0.00375553188795745,0.0039078975965448,0.00258795115234733,0.00232272405338548,0.00285157465422089,0.00804182611179965,0.00370145164321047,0.00177234973793747,0.00161502004031886,0.00211010183781492,0.00422209058371977,0.00423309517075771,0.00267168729988633,0.00287973436733482,0.00321904726055368,0.0022692703936348,0.00344360273920278,0.0034432067009537,0.00483970910883979,0.00397494650874251,0.0293800771875235,0.00357621593786451,0.00350067403118766
"GM",0.0013653323375423,0.000839289786594417,0.00189022541334852,0.00113069741575798,0.0013054349559885,0.00176611311156989,0.00240978353933094,0.00232197768679709,0.00319807094168393,0.00208620065895411,0.00155478115154023,0.00197405191871098,0.00307408028352834,0.0021512125428156,0.00223848940084445,0.00148240865614153,0.00133048347510102,0.00163341527803439,0.0046064519527364,0.00212023474678322,0.00101522263696732,0.000925102348025079,0.00120869098587112,0.00241846281474165,0.00242476637076801,0.00153037369977505,0.00164954549070733,0.00184390788027246,0.00129986459427517,0.00197253588201488,0.00197230902667874,0.0027722419218167,0.00227689580111078,0.00357621593786451,0.00963999186626732,0.00200522698485074
"LYV",0.00133649185088894,0.000821561117007533,0.00185029739047341,0.00110681322080303,0.00127785970680574,0.00172880676481315,0.00235888067261304,0.00227292957986804,0.00313051675009703,0.00204213296890797,0.00152193885826341,0.00193235319346354,0.00300914519853061,0.00210577157952509,0.00219120485193752,0.00145109511738859,0.00130237911556081,0.00159891196317821,0.00450914793934038,0.00207544814044922,0.00099377766411599,0.000905561023771942,0.00118315930007746,0.00236737661205509,0.0023735470154281,0.00149804697532167,0.00161470145061488,0.00180495824204244,0.00127240701017528,0.00193086918064537,0.00193064711726948,0.00271368269491817,0.00222879997772962,0.00350067403118766,0.00200522698485075,0.00923703405001278
