"","ETIHX","VHCIX","CHGCY","TAK","D","EIX","AES","NRG","AMD","AVGO","TXN","CRM","CRWD","ORCL","FTNT","IBM","CSCO","AKAM","SMCI","APO","CME","CBOE","V","PYPL","FI","VRSK","ROST","ULTA","AZO","CMG","NKE","CROX","LVS","TSLA","GM","LYV"
"ETIHX",0.00428235056307691,0.000651289162444512,0.00130191804831044,8.83930009215074e-05,0.000565091252789636,0.000130625096734034,0.00113150977491872,0.000388257553515102,0.00172519426290354,0.000699804638258953,0.000471690491916224,0.00126023448820543,0.00105313770151957,0.000947603895217605,0.000477979475683002,0.000334626270890295,0.000358019534748747,0.00018341569359743,0.00060130643628665,0.00129380151443934,-8.28725472048393e-05,0.000145209424827383,0.000248630510991739,0.00198007634543431,-0.000327428960186926,4.0379475024005e-05,0.000733501433087404,0.000701206776083105,-0.000200134043267584,0.00016196932777752,0.000647453556038966,0.00083925323726525,0.00157271165553659,0.001534155388909,0.00110663131888258,0.00141357801685901
"VHCIX",0.000651289162444512,0.00161818935571138,0.000805805678488995,0.000272359207966476,0.000686056496589548,0.000618475175398418,0.000964714792633833,0.00078134615918242,0.00108629955749385,0.000454647583366992,0.000676523643637474,0.000758671413927359,0.000625659214581741,0.00078967986059565,0.000993030246991693,0.000763468602659038,0.000739950873337344,0.000830355072806379,0.000188064328157644,0.00104090494185998,0.000156799531816459,0.000467525376315069,0.000635956248524328,0.00106944200697442,0.000589047713575107,0.000623259302252749,0.000884418462161608,0.000483881679109525,0.000623150940069454,0.000828114585792639,0.00106319128329486,0.00097820753030495,0.000311450585321392,0.00047380171194626,0.000859907296876623,0.000617722047799847
"CHGCY",0.00130191804831044,0.000805805678488995,0.00820791139098748,0.00107683939024743,0.000229701654451293,0.00048600518414957,-0.000287852038654975,0.000715962822042345,0.00105131848351402,0.00144136520331063,0.000521619280336058,0.00125907304746043,0.00183634659973952,0.000394404730430041,0.00108379987894848,0.000474359993780527,0.000468362996965696,0.00119413257955456,2.01606405560979e-05,0.00125654354629241,0.000571083487629819,0.00060911908276068,0.000306704220027865,0.000961726999744346,0.000256762990917536,0.000686440372698764,0.00120690559468994,0.000348547494269201,-0.000178188689563075,0.000678932886773054,0.000472134698030889,0.000666693003562281,0.000424046404697818,0.0015930038029938,0.000250916404506691,0.000607881760060216
"TAK",8.83930009215074e-05,0.000272359207966476,0.00107683939024743,0.00293696156376127,0.000388213906665227,0.000349416795283387,-0.000475723346846809,-0.000330755435134836,-0.000605461637906616,-0.000347521474148378,0.000993094443296329,-0.000315536320755503,-0.000997516873508783,-0.000388869848120761,-0.000230703354764129,0.000472658479917147,0.00039729092879046,0.000497073351906978,-0.000671616201424157,-3.85366250530154e-05,-4.14402033294344e-05,0.000146044748557463,0.000432750142287807,1.9751273132756e-06,0.00123459459176145,0.000267593978303269,0.000155471178254212,-4.31599322362208e-05,0.000356518621923282,0.000414771875572749,0.000371254024997223,-7.76921298801189e-05,3.81863858917409e-05,-0.00147168272773135,8.3277980800676e-05,5.89307184300231e-05
"D",0.000565091252789636,0.000686056496589548,0.000229701654451293,0.000388213906665227,0.00391485732676756,0.00135572233668891,0.00185127835427514,0.00139914602524693,0.000244387232979559,-5.9668303887549e-05,0.000794876632764015,0.000411308132832519,-0.000191326877164518,0.000820082868348105,0.000304960593423291,0.000578337804528712,0.00040025633367761,0.000653574598071074,-0.000970807774805126,0.000816050740286236,0.00027243459824873,0.000269689157962958,0.000846496799822711,0.00181083120068378,0.00116635294944269,0.000632081955143845,0.000256387595008136,0.000682807482309054,0.000638396171560874,0.000571955958739424,0.00126298986871603,0.000122586280019323,0.000635473089119441,0.000820024109705374,0.00111429741290384,0.000755432877446951
"EIX",0.000130625096734034,0.000618475175398418,0.00048600518414957,0.000349416795283387,0.00135572233668891,0.00716543388624257,0.00286903962374722,0.000964132842463737,0.00200585088260792,0.000489015749986292,0.00139027469652488,0.000561827919049027,-0.00126404234497455,0.000594859418729146,0.000229101006581337,-2.95334655246598e-05,0.000931911084982893,0.000788187325223459,-0.00017069745392878,0.0012228580498285,0.000346453560063371,0.000455279664921639,0.000568913161476871,0.00108455380961371,0.000757134042881078,0.00106101810245422,0.00133197899825383,0.00116347745802566,0.000645571230181341,0.00105468506035119,0.0019082354378894,0.00189162917039164,0.00151623499149038,0.00154834070743398,0.00162937187655528,0.000474213901798108
"AES",0.00113150977491872,0.000964714792633833,-0.000287852038654975,-0.000475723346846809,0.00185127835427514,0.00286903962374722,0.0133401751206838,0.00171190240471811,0.00255007043069443,0.00100213943968045,0.00143261158394683,-0.000473977157362516,-0.00112982346076884,0.00163277494823177,-0.000217346361166721,0.000329425212425665,0.000834777729656389,0.000189947940367706,0.00068566713598378,0.00142763657811798,-1.12530750681985e-05,0.000187834608887039,0.000552657785251004,0.00254146799432382,7.93403377121195e-05,7.98437338184118e-05,0.00101226720041806,0.00198873675373035,0.000637598978214391,0.000191697659860872,0.00277448181083021,0.00330809236997675,0.00263680269868368,0.000239670818235189,0.00159503017828698,0.000712942875287091
"NRG",0.000388257553515102,0.00078134615918242,0.000715962822042345,-0.000330755435134836,0.00139914602524693,0.000964132842463737,0.00171190240471811,0.0123857282708982,0.00298534216443018,0.00181701516991121,0.00121173101679428,0.000834088150063879,0.00281015018204226,0.00237558387562697,0.00210356800030776,0.00164732679303698,0.00122959694359532,0.000381098245503141,0.00328872066179779,0.00180577577723342,0.000177659147432113,0.000395935347641289,0.00119465830425983,0.00314158951067215,0.000328091431896215,0.000833402991428884,0.000951026894901902,0.00139736309344301,0.000247085034701505,0.0022035061081056,0.00157133021106933,0.000709590382867935,0.000234230594661208,0.0031375020129611,0.00241581984493012,0.000978164565618451
"AMD",0.00172519426290354,0.00108629955749385,0.00105131848351402,-0.000605461637906616,0.000244387232979559,0.00200585088260792,0.00255007043069443,0.00298534216443018,0.0234953354738607,0.00459129066432278,0.00210513982170847,0.00401291279569096,0.00310733114959417,0.00329738452386065,0.00291915994365446,0.000611554067843976,0.00198014406864439,0.0019462953899181,0.00873032330258503,0.00355585880481748,0.000285671872267297,0.000773588329719805,0.000566905825738706,0.00183792204765284,-0.00258875161605186,0.00100747043056184,0.00170503250245295,0.00191770724740299,-0.00121077478349708,0.0016517063980943,0.0033072677834847,0.00501643663098496,0.00239270278014046,0.00445240539744087,0.00355236784949859,0.00229786933657901
"AVGO",0.000699804638258953,0.000454647583366992,0.00144136520331063,-0.000347521474148378,-5.9668303887549e-05,0.000489015749986292,0.00100213943968045,0.00181701516991121,0.00459129066432278,0.00999810331602776,0.00135582532699158,0.00205947311988089,0.00245363854514529,0.00270023567531481,0.00171837886295553,0.000795262378795396,0.0015591651977339,0.00127769969754117,0.00483217506912424,0.00189195805439548,-4.97547024546467e-05,-0.000392230081848639,0.000699015513844484,0.00168564956661626,-0.000578556509882891,0.0007727869136683,0.00166263538818663,0.0017585032954315,-0.000320196507507841,0.00120677696686746,0.00134815887768372,0.00153021057591601,0.00142334983946453,0.00405258605985823,0.00182491303162602,0.00193193839296794
"TXN",0.000471690491916224,0.000676523643637474,0.000521619280336058,0.000993094443296329,0.000794876632764015,0.00139027469652488,0.00143261158394683,0.00121173101679428,0.00210513982170847,0.00135582532699158,0.00555320873251071,0.00112072345036238,2.01607502187142e-05,0.00138085356995974,0.00085627506826027,0.000613491741207892,0.00132173511057009,0.000768504034206655,0.00189243404308503,0.00153118908281601,3.15348534957645e-05,0.000221439970581201,0.000838843899047602,0.00183994220758667,0.00238762680257213,0.00135810123531669,0.000689231156294601,0.000442907661559968,0.000471195868639469,0.00172539856005388,0.00192270438209613,0.00205341856476913,0.00069407453632872,0.00191275355896084,0.00203406715852244,0.00182613303679439
"CRM",0.00126023448820543,0.000758671413927359,0.00125907304746043,-0.000315536320755503,0.000411308132832519,0.000561827919049027,-0.000473977157362516,0.000834088150063879,0.00401291279569096,0.00205947311988089,0.00112072345036238,0.00895205218338953,0.0034100947073684,0.00243821993989419,0.00205543141282334,0.000830377490395594,0.0010333490652627,0.00190824813752104,0.00196107159444219,0.00249238099810717,0.000568141186420995,0.000655683498625946,0.00105025499235944,0.00264435825573166,0.00052104340580742,0.00149009238041401,0.000809150961440807,0.000647129841123004,0.000137153908796977,0.00207221055555158,0.00106796012067765,0.00207663681446196,0.00100906857111938,0.00474985908828386,0.00191472426279844,0.00181824113985671
"CRWD",0.00105313770151957,0.000625659214581741,0.00183634659973952,-0.000997516873508783,-0.000191326877164518,-0.00126404234497455,-0.00112982346076884,0.00281015018204226,0.00310733114959417,0.00245363854514529,2.01607502187142e-05,0.0034100947073684,0.0217088028554133,0.00293003629016528,0.00415230870805851,0.000655614670254918,0.000813221301018978,0.000397441907537383,0.00322793953684392,0.00130182816738307,0.0011966256194276,0.000565154592328465,0.0006125159556857,0.00172916050985003,-0.000736154725450829,0.00222365261728927,0.00116625274101428,0.000348267743462526,-0.00101802743123729,0.00249227694093087,-0.000128257886124883,0.00126403072965505,-0.000322189305339102,0.00522961450848893,0.000573864498621855,0.00235304717215974
"ORCL",0.000947603895217605,0.00078967986059565,0.000394404730430041,-0.000388869848120761,0.000820082868348105,0.000594859418729146,0.00163277494823177,0.00237558387562697,0.00329738452386065,0.00270023567531481,0.00138085356995974,0.00243821993989419,0.00293003629016528,0.0106309507593723,0.00241273661983079,0.00180308832916656,0.00175707173837274,0.000800313212658074,0.00549603079463016,0.0030531100058571,0.000379858494575415,0.000553095391376186,0.00136834113956588,0.00209362542087925,0.00186354756311053,0.00183051921478953,0.00162248439593525,0.00139693691663554,0.000732671367503606,0.00159328944371079,0.00235812272901023,0.00285265934764263,0.00165866478968803,0.00332059179764824,0.00169134210741151,0.0025418423756186
"FTNT",0.000477979475683002,0.000993030246991693,0.00108379987894848,-0.000230703354764129,0.000304960593423291,0.000229101006581337,-0.000217346361166721,0.00210356800030776,0.00291915994365446,0.00171837886295553,0.00085627506826027,0.00205543141282334,0.00415230870805851,0.00241273661983079,0.011511066118576,0.000926510727806673,0.00161161504086161,-0.000217878993760272,0.0030726753207493,0.00170716587458626,0.00111914125470377,0.000894524887191173,0.000983649992112037,0.00164789209317738,0.00134026933638498,0.00107917367855967,0.000632892288894866,0.00129347567630776,0.000438717685856565,0.00167755978561829,0.00155159195378679,0.00162901258317306,0.00050517567753106,0.00280556243054867,0.00141036163838963,0.00238723240667895
"IBM",0.000334626270890295,0.000763468602659038,0.000474359993780527,0.000472658479917147,0.000578337804528712,-2.95334655246598e-05,0.000329425212425665,0.00164732679303698,0.000611554067843976,0.000795262378795396,0.000613491741207892,0.000830377490395594,0.000655614670254918,0.00180308832916656,0.000926510727806673,0.00504825574631987,0.00108820359070932,0.000983431513156193,0.00220436531387285,0.000878219935163915,2.58163899709912e-05,0.000306185475034232,0.0010258611951443,0.00136334562194402,0.000813560429504296,0.000766748603249195,0.0007550390042752,0.000687392485840344,0.000902874319432994,0.000307548483225585,0.000459199242884982,5.5810613635162e-05,0.000117867296233667,8.0922631390827e-05,0.000525439756907946,0.000652116308624458
"CSCO",0.000358019534748747,0.000739950873337344,0.000468362996965696,0.00039729092879046,0.00040025633367761,0.000931911084982893,0.000834777729656389,0.00122959694359532,0.00198014406864439,0.0015591651977339,0.00132173511057009,0.0010333490652627,0.000813221301018978,0.00175707173837274,0.00161161504086161,0.00108820359070932,0.00406653424137522,0.0010131878376951,0.00140109897458382,0.00121739686751749,0.00052476508681804,0.000406356561698622,0.000807438532820555,0.0009632413535267,0.000502295843479405,0.00115969879150695,0.00100212515635506,0.000544863240990542,0.000454019365153787,0.000761044062285777,0.00141087493214516,0.000902104192213306,0.000890843870012003,0.00118388573982769,0.00138380622499208,0.00145900204878717
"AKAM",0.00018341569359743,0.000830355072806379,0.00119413257955456,0.000497073351906978,0.000653574598071074,0.000788187325223459,0.000189947940367706,0.000381098245503141,0.0019462953899181,0.00127769969754117,0.000768504034206655,0.00190824813752104,0.000397441907537383,0.000800313212658074,-0.000217878993760272,0.000983431513156193,0.0010131878376951,0.0061291279913317,-0.000850939577753252,0.00133602529280925,0.000126739507255528,0.000328283891276997,0.000550582851469531,0.0012329218076015,0.00029611739010602,0.00134384588942898,0.00102442269217903,-8.29949189403495e-05,0.000454474524684526,0.00134225163548724,0.00097142333756517,0.000516301056540975,-0.00054246082663157,0.00164573930776753,0.00107857923061353,0.000365454562976187
"SMCI",0.00060130643628665,0.000188064328157644,2.01606405560979e-05,-0.000671616201424157,-0.000970807774805126,-0.00017069745392878,0.00068566713598378,0.00328872066179779,0.00873032330258503,0.00483217506912424,0.00189243404308503,0.00196107159444219,0.00322793953684392,0.00549603079463016,0.0030726753207493,0.00220436531387285,0.00140109897458382,-0.000850939577753252,0.0487459518366997,0.00313812421358734,-0.000598494583998662,-0.000613763144484122,0.000721453813050778,-0.0005408821623728,0.00124474516006189,0.00153193416264001,0.00183989341255575,0.000429990269294965,0.000323322066830303,0.00126762395787458,0.0007886130265584,0.00494699165651743,0.00049182073460688,0.00134096905767323,0.00285767871690597,0.00184029775814885
"APO",0.00129380151443934,0.00104090494185998,0.00125654354629241,-3.85366250530154e-05,0.000816050740286236,0.0012228580498285,0.00142763657811798,0.00180577577723342,0.00355585880481748,0.00189195805439548,0.00153118908281601,0.00249238099810717,0.00130182816738307,0.0030531100058571,0.00170716587458626,0.000878219935163915,0.00121739686751749,0.00133602529280925,0.00313812421358734,0.0103269805440466,0.000487708568798929,0.000785384172067538,0.00167258955538515,0.00314323334870651,0.00234402009764296,0.00109234354365766,0.00199837181796534,0.00148075256596068,0.000781057544778997,0.00176823711643595,0.00228952040216753,0.00274743950357893,0.00212743434505727,0.00393450303432673,0.00264934540645884,0.00276503980377838
"CME",-8.28725472048393e-05,0.000156799531816459,0.000571083487629819,-4.14402033294344e-05,0.00027243459824873,0.000346453560063371,-1.12530750681985e-05,0.000177659147432113,0.000285671872267297,-4.97547024546467e-05,3.15348534957645e-05,0.000568141186420995,0.0011966256194276,0.000379858494575415,0.00111914125470377,2.58163899709912e-05,0.00052476508681804,0.000126739507255528,-0.000598494583998662,0.000487708568798929,0.00236770749844159,0.000502343560072411,0.000490996622500313,0.000261009581735848,0.00035538020333743,0.00022989392402878,0.00029565439403733,0.000375312851727137,0.000171919369179225,0.000119137253653549,0.000799030810501126,0.000468463946333425,0.000744047167633698,0.00081103467153782,0.00047725513754162,0.00076310343006816
"CBOE",0.000145209424827383,0.000467525376315069,0.00060911908276068,0.000146044748557463,0.000269689157962958,0.000455279664921639,0.000187834608887039,0.000395935347641289,0.000773588329719805,-0.000392230081848639,0.000221439970581201,0.000655683498625946,0.000565154592328465,0.000553095391376186,0.000894524887191173,0.000306185475034232,0.000406356561698622,0.000328283891276997,-0.000613763144484122,0.000785384172067538,0.000502343560072411,0.00196600686623256,0.000462228992714588,0.000808681068758263,0.000710544859025422,0.000367604419120683,0.000511377500785679,0.000511096993651875,0.000403919175043789,0.000359666328381632,0.000916203684706291,0.000952732196164325,0.0001990088557917,6.46075259925533e-07,0.000254202384861709,0.000421391003767837
"V",0.000248630510991739,0.000635956248524328,0.000306704220027865,0.000432750142287807,0.000846496799822711,0.000568913161476871,0.000552657785251004,0.00119465830425983,0.000566905825738706,0.000699015513844484,0.000838843899047602,0.00105025499235944,0.0006125159556857,0.00136834113956588,0.000983649992112037,0.0010258611951443,0.000807438532820555,0.000550582851469531,0.000721453813050778,0.00167258955538515,0.000490996622500313,0.000462228992714588,0.00335610879004721,0.00176234547832809,0.0017850431128705,0.000861194221983834,0.00130173436175595,0.000784590133907775,0.000810113068130851,0.00116353901186379,0.00152622050492422,0.000938156616926373,0.0013816860563119,0.00032582808164548,0.00109085186747273,0.0013151337156216
"PYPL",0.00198007634543431,0.00106944200697442,0.000961726999744346,1.9751273132756e-06,0.00181083120068378,0.00108455380961371,0.00254146799432382,0.00314158951067215,0.00183792204765284,0.00168564956661626,0.00183994220758667,0.00264435825573166,0.00172916050985003,0.00209362542087925,0.00164789209317738,0.00136334562194402,0.0009632413535267,0.0012329218076015,-0.0005408821623728,0.00314323334870651,0.000261009581735848,0.000808681068758263,0.00176234547832809,0.0134364423238669,0.00197537799449932,0.000744224772398789,0.00167610876814326,0.00198687740248444,0.000533107278440829,0.00240124730244643,0.00239866050602426,0.00329927106751542,0.00219426285297479,0.00430741214819541,0.00290231685445417,0.00204802591637549
"FI",-0.000327428960186926,0.000589047713575107,0.000256762990917536,0.00123459459176145,0.00116635294944269,0.000757134042881078,7.93403377121195e-05,0.000328091431896215,-0.00258875161605186,-0.000578556509882891,0.00238762680257213,0.00052104340580742,-0.000736154725450829,0.00186354756311053,0.00134026933638498,0.000813560429504296,0.000502295843479405,0.00029611739010602,0.00124474516006189,0.00234402009764296,0.00035538020333743,0.000710544859025422,0.0017850431128705,0.00197537799449932,0.0135065759189592,0.00184891835639472,0.000631228355616825,0.000778749710104831,0.00200284416365134,0.00320515503054614,0.00183624000904926,0.00145070090163072,0.00054153655027196,-0.000184654430291684,0.000407909623239958,0.00226327604507198
"VRSK",4.0379475024005e-05,0.000623259302252749,0.000686440372698764,0.000267593978303269,0.000632081955143845,0.00106101810245422,7.98437338184118e-05,0.000833402991428884,0.00100747043056184,0.0007727869136683,0.00135810123531669,0.00149009238041401,0.00222365261728927,0.00183051921478953,0.00107917367855967,0.000766748603249195,0.00115969879150695,0.00134384588942898,0.00153193416264001,0.00109234354365766,0.00022989392402878,0.000367604419120683,0.000861194221983834,0.000744224772398789,0.00184891835639472,0.00538022515656497,0.00121476928044714,6.23590128998196e-05,0.000818088579511481,0.00189491344667115,0.000997431194001013,0.00183942081567471,-0.000668499355085613,0.0022232425333984,0.000395485296623817,0.00117079872534372
"ROST",0.000733501433087404,0.000884418462161608,0.00120690559468994,0.000155471178254212,0.000256387595008136,0.00133197899825383,0.00101226720041806,0.000951026894901902,0.00170503250245295,0.00166263538818663,0.000689231156294601,0.000809150961440807,0.00116625274101428,0.00162248439593525,0.000632892288894866,0.0007550390042752,0.00100212515635506,0.00102442269217903,0.00183989341255575,0.00199837181796534,0.00029565439403733,0.000511377500785679,0.00130173436175595,0.00167610876814326,0.000631228355616825,0.00121476928044714,0.00625077774958197,0.00175012338688754,0.000535887772038976,0.00104617855641009,0.00185107441992865,0.00294554655004791,0.00197180521738487,0.00169663448139306,0.00148844994407605,0.00148346972637742
"ULTA",0.000701206776083105,0.000483881679109525,0.000348547494269201,-4.31599322362208e-05,0.000682807482309054,0.00116347745802566,0.00198873675373035,0.00139736309344301,0.00191770724740299,0.0017585032954315,0.000442907661559968,0.000647129841123004,0.000348267743462526,0.00139693691663554,0.00129347567630776,0.000687392485840344,0.000544863240990542,-8.29949189403495e-05,0.000429990269294965,0.00148075256596068,0.000375312851727137,0.000511096993651875,0.000784590133907775,0.00198687740248444,0.000778749710104831,6.23590128998196e-05,0.00175012338688754,0.00781059114054543,0.000681243485196266,0.000763347717722261,0.00169313150151936,0.00207109916689943,0.00272912495836116,0.00166952657044765,0.00110956325572783,0.00143619888768384
"AZO",-0.000200134043267584,0.000623150940069454,-0.000178188689563075,0.000356518621923282,0.000638396171560874,0.000645571230181341,0.000637598978214391,0.000247085034701505,-0.00121077478349708,-0.000320196507507841,0.000471195868639469,0.000137153908796977,-0.00101802743123729,0.000732671367503606,0.000438717685856565,0.000902874319432994,0.000454019365153787,0.000454474524684526,0.000323322066830303,0.000781057544778997,0.000171919369179225,0.000403919175043789,0.000810113068130851,0.000533107278440829,0.00200284416365134,0.000818088579511481,0.000535887772038976,0.000681243485196266,0.00388151879071065,0.000769469850808372,0.000484389325887623,0.00044884002591475,-0.000219885835716695,-7.12714312105327e-05,0.000664243921916256,0.000217140212717785
"CMG",0.00016196932777752,0.000828114585792639,0.000678932886773054,0.000414771875572749,0.000571955958739424,0.00105468506035119,0.000191697659860872,0.0022035061081056,0.0016517063980943,0.00120677696686746,0.00172539856005388,0.00207221055555158,0.00249227694093087,0.00159328944371079,0.00167755978561829,0.000307548483225585,0.000761044062285777,0.00134225163548724,0.00126762395787458,0.00176823711643595,0.000119137253653549,0.000359666328381632,0.00116353901186379,0.00240124730244643,0.00320515503054614,0.00189491344667115,0.00104617855641009,0.000763347717722261,0.000769469850808372,0.00893830743017596,0.0019643649620379,0.00301933614531658,0.000131676360619844,0.00225562438622781,0.000879995024100564,0.0013042287357822
"NKE",0.000647453556038966,0.00106319128329486,0.000472134698030889,0.000371254024997223,0.00126298986871603,0.0019082354378894,0.00277448181083021,0.00157133021106933,0.0033072677834847,0.00134815887768372,0.00192270438209613,0.00106796012067765,-0.000128257886124883,0.00235812272901023,0.00155159195378679,0.000459199242884982,0.00141087493214516,0.00097142333756517,0.0007886130265584,0.00228952040216753,0.000799030810501126,0.000916203684706291,0.00152622050492422,0.00239866050602426,0.00183624000904926,0.000997431194001013,0.00185107441992865,0.00169313150151936,0.000484389325887623,0.0019643649620379,0.00893625161344263,0.003761379460466,0.00238095833241489,0.000761679986206026,0.00134066325720778,0.00161843344135839
"CROX",0.00083925323726525,0.00097820753030495,0.000666693003562281,-7.76921298801189e-05,0.000122586280019323,0.00189162917039164,0.00330809236997675,0.000709590382867935,0.00501643663098496,0.00153021057591601,0.00205341856476913,0.00207663681446196,0.00126403072965505,0.00285265934764263,0.00162901258317306,5.5810613635162e-05,0.000902104192213306,0.000516301056540975,0.00494699165651743,0.00274743950357893,0.000468463946333425,0.000952732196164325,0.000938156616926373,0.00329927106751542,0.00145070090163072,0.00183942081567471,0.00294554655004791,0.00207109916689943,0.00044884002591475,0.00301933614531658,0.003761379460466,0.0176549998020079,0.00140701667584403,0.00199270628481468,0.00219495930583573,0.000864550817544616
"LVS",0.00157271165553659,0.000311450585321392,0.000424046404697818,3.81863858917409e-05,0.000635473089119441,0.00151623499149038,0.00263680269868368,0.000234230594661208,0.00239270278014046,0.00142334983946453,0.00069407453632872,0.00100906857111938,-0.000322189305339102,0.00165866478968803,0.00050517567753106,0.000117867296233667,0.000890843870012003,-0.00054246082663157,0.00049182073460688,0.00212743434505727,0.000744047167633698,0.0001990088557917,0.0013816860563119,0.00219426285297479,0.00054153655027196,-0.000668499355085613,0.00197180521738487,0.00272912495836116,-0.000219885835716695,0.000131676360619844,0.00238095833241489,0.00140701667584403,0.0119094519394679,5.07466652313425e-05,0.000697155971229204,0.00220937698483997
"TSLA",0.001534155388909,0.00047380171194626,0.0015930038029938,-0.00147168272773135,0.000820024109705374,0.00154834070743398,0.000239670818235189,0.0031375020129611,0.00445240539744087,0.00405258605985823,0.00191275355896084,0.00474985908828386,0.00522961450848893,0.00332059179764824,0.00280556243054867,8.0922631390827e-05,0.00118388573982769,0.00164573930776753,0.00134096905767323,0.00393450303432673,0.00081103467153782,6.46075259925533e-07,0.00032582808164548,0.00430741214819541,-0.000184654430291684,0.0022232425333984,0.00169663448139306,0.00166952657044765,-7.12714312105327e-05,0.00225562438622781,0.000761679986206026,0.00199270628481468,5.07466652313425e-05,0.0293800771875235,0.00325394834441363,0.00331744588065788
"GM",0.00110663131888258,0.000859907296876623,0.000250916404506691,8.3277980800676e-05,0.00111429741290384,0.00162937187655528,0.00159503017828698,0.00241581984493012,0.00355236784949859,0.00182491303162602,0.00203406715852244,0.00191472426279844,0.000573864498621855,0.00169134210741151,0.00141036163838963,0.000525439756907946,0.00138380622499208,0.00107857923061353,0.00285767871690597,0.00264934540645884,0.00047725513754162,0.000254202384861709,0.00109085186747273,0.00290231685445417,0.000407909623239958,0.000395485296623817,0.00148844994407605,0.00110956325572783,0.000664243921916256,0.000879995024100564,0.00134066325720778,0.00219495930583573,0.000697155971229204,0.00325394834441363,0.00963999186626732,0.00177010278683908
"LYV",0.00141357801685901,0.000617722047799847,0.000607881760060216,5.89307184300231e-05,0.000755432877446951,0.000474213901798108,0.000712942875287091,0.000978164565618451,0.00229786933657901,0.00193193839296794,0.00182613303679439,0.00181824113985671,0.00235304717215974,0.0025418423756186,0.00238723240667895,0.000652116308624458,0.00145900204878717,0.000365454562976187,0.00184029775814885,0.00276503980377838,0.00076310343006816,0.000421391003767837,0.0013151337156216,0.00204802591637549,0.00226327604507198,0.00117079872534372,0.00148346972637742,0.00143619888768384,0.000217140212717785,0.0013042287357822,0.00161843344135839,0.000864550817544616,0.00220937698483997,0.00331744588065788,0.00177010278683908,0.00923703405001278
